138
 90
133
154
145
212
197
 67
151
194
199
 48
148
 63
 30
239
179
220
 50
 19
189
183
153
  1
234
 38
140
106
 34
184
218
 33
226
207
149
238
164
119
245
227
147
 22
 23
110
 99
 72
  5
191
223
235
224
168
187
186
 36
 98
209
  8
 40
 58
176
213
113
141
 62
 45
126
 10
  3
 47
108
 73
 16
150
115
127
177
111
 64
166
 14
136
222
 97
228
102
 32
101
165
134
 87
105
132
 31
104
 89
143
 46
219
216
160
161
162
171
159
 39
208
173
 21
 25
217
192
201
 69
 42
135
 49
202
178
  7
 18
 78
109
 20
175
 13
214
 77
237
250
 93
231
 92
112
 11
118
247
 53
174
 44
240
 70
 55
107
137
 52
 29
 17
198
172
  9
  2
120
 96
200
121
144
128
206
 61
 60
 56
185
163
122
242
 65
 80
243
 59
 91
 79
123
 71
158
170
 76
156
 27
 28
169
114
 26
124
 88
 37
196
236
 41
190
 94
211
117
131
 57
157
139
180
146
 85
130
152
 24
230
  4
129
 66
248
 74
103
125
249
 75
203
 43
 15
205
 12
 35
181
155
 82
210
229
232
182
  6
 68
246
142
233
 84
100
241
215
188
195
167
 81
244
204
 54
 95
116
193
 83
225
 51
221
 86
