168
 17
  4
 68
208
138
132
116
223
 15
141
101
 96
 20
216
108
 35
194
 71
  9
178
231
244
 34
172
 82
 64
117
144
 31
 29
 94
 60
131
 65
  8
127
130
 85
226
152
163
105
 57
190
107
213
136
242
169
177
222
  1
  3
 95
 32
133
 24
239
 55
245
 69
155
 62
 91
157
139
201
 92
 27
 22
109
148
166
 46
236
 54
128
235
104
202
241
192
102
134
143
 38
114
 42
122
160
205
225
206
211
 47
203
 93
174
 90
100
219
249
165
200
 83
 88
 44
183
 50
199
112
 80
 58
113
 36
 86
 81
  6
 39
147
119
 75
187
 67
125
158
243
 51
176
123
103
 25
 37
142
237
 40
115
149
 56
 26
224
167
159
 28
 13
121
 43
 98
 70
228
 49
 79
197
 89
 12
 99
145
 48
196
212
161
  5
 11
 30
185
153
 78
204
 18
246
106
186
 66
233
 87
227
240
156
129
171
182
154
 77
 23
 84
188
 74
 61
191
170
 21
124
215
  2
164
162
150
175
198
209
 76
 73
247
250
 10
135
248
221
230
111
118
 52
195
 59
 45
 72
 33
232
  7
214
 14
 63
 53
218
137
140
120
126
234
 16
181
220
184
151
210
229
238
207
 41
 19
179
193
173
146
110
 97
189
217
180
