141
196
120
145
 11
109
 40
104
215
241
212
237
101
 59
 27
 42
220
 65
233
 55
179
219
 21
 82
 89
 56
200
 69
 31
 41
 63
116
242
175
172
 25
 22
249
178
226
  8
173
171
112
227
 90
 85
163
 93
 28
157
181
243
239
 36
 23
180
131
204
 35
133
184
182
 86
167
  2
 62
250
 99
235
191
 87
111
165
 58
 46
 18
143
197
118
135
 24
 76
188
138
230
 53
201
  6
238
134
 78
223
 10
193
 92
124
108
199
 98
 33
240
107
 71
186
146
205
222
115
147
 48
114
207
218
 97
247
 19
161
 32
245
 60
 39
105
214
 15
149
 49
229
225
106
 16
 68
185
 72
194
 79
234
151
224
158
208
  3
 96
 47
236
159
  4
126
 44
189
 30
128
  7
117
 61
192
 75
168
 37
 66
177
176
130
170
 45
210
  9
  5
198
 80
 29
 88
231
169
 73
166
103
140
 50
154
209
 64
174
213
129
 26
190
 20
  1
228
100
 38
203
148
 14
 95
248
155
217
244
132
 51
202
123
125
 84
211
113
195
 43
102
150
142
 74
137
 12
 83
162
 34
122
 17
139
 54
153
 81
110
221
119
232
156
 77
144
 52
136
183
246
164
187
 94
206
152
121
 70
 67
 57
 13
160
 91
127
216
